Median: 2.86
Mean: 3.7208000000000006
Range: 9.049999999999999
Variance: 8.577665999999999
Standard Deviation: 2.928765268846242
