Median: 74056.0
Mean: 75875.14285714286
Range: 55730
Variance: 302070163.6703297
Standard Deviation: 17380.165812509662
